%YAML:1.0
---
model_type: PINHOLE
camera_name: infra1
image_width: 848
image_height: 480

distortion_parameters:
   k1: -0.0131761
   k2: 0.000339851
   p1: -0.00139667
   p2: 0.00330581

projection_parameters:
   fx: 422.639
   fy: 424.172
   cx: 426.330
   cy: 240.828

housing_parameters:
   d0: 0.00587738
   d1: 0.005
   n_glass: 1.49
   n_water: 1.33

# rectification_matrix:
#    rows: 3
#    cols: 3
#    data: [ 0.999979,  0.000782, -0.006427,
#           -0.000788,  0.999999, -0.000858,
#            0.006426,  0.000863,  0.999979]
