%YAML:1.0
---
model_type: PINHOLE
camera_name: infra2
image_width: 848
image_height: 480

distortion_parameters:
   k1: -0.00677358
   k2: -0.00692718
   p1: -0.000933306
   p2: 0.00222442

projection_parameters:
   fx: 424.102
   fy: 425.608
   cx: 427.677
   cy: 240.242

housing_parameters:
   d0: 0.00544522
   d1: 0.005
   n_glass: 1.49
   n_water: 1.33
#
# rectification_matrix:
#    rows: 3
#    cols: 3
#    data: [ 0.999923,  0.001692, -0.012282,
#           -0.001703,  0.999998, -0.000866,
#            0.012281,  0.000887,  0.999924]
